11826
63485
16748
26884
43111
64666
10946
19243
45121
45927
30645
9028
2119
49499
44492
50968
30773
20246
20884
44454
8601
30374
41979
53679
63003
29641
28795
52037
4623
37077
11353
49265
57348
38735
10536
5276
11762
53956
57665
28088
20522
6802
55937
40006
12771
33934
26120
45504
48460
17148
47674
32398
23974
13378
53709
22291
58163
1670
57015
19863
45971
48430
28060
38468
46748
24141
62748
533
45439
37513
5940
65314
60679
55157
24933
22247
55608
21130
40248
38831
30239
26288
32253
15361
18421
30542
38047
58262
33200
5826
20288
23423
27979
37648
31393
30961
21112
1726
18107
33223
43914
58757
29040
49545
11056
20721
41276
6173
19602
16513
35208
35307
6312
57253
33258
50957
49028
8727
21599
2561
14548
59699
11270
50301
34017
41703
28860
9470
25617
51482
41995
18277
34806
22361
56328
47317
51998
12286
36927
6517
58798
35539
5971
63364
12670
12500
26626
17693
18976
19537
39406
61172
59710
34208
57438
27848
8060
39899
40648
38443
39510
33406
2990
28225
49699
43189
5365
61718
11558
37342
53584
37775
53014
30817
24334
7730
58568
49463
14792
47290
27396
32434
38986
27592
54057
55695
35526
31823
4512
42906
18831
58512
22054
48024
21993
50832
5644
4979
54212
7656
14901
15176
27709
45481
32381
20188
22576
29689
29755
33586
8138
9042
20081
8057
37559
19061
8608
7162
23475
14010
41990
5934
60723
23238
41674
4256
58037
60327
18014
65442
3643
37588
12678
19619
29458
28184
25624
55323
18720
35274
18962
15629
42539
45045
19015
36872
40936
6766
39615
61949
8535
64625
52596
57549
31639
17664
62319
31305
5314
41793
63380
43418
55814
5299
56161
63281
5214
55251
20214
63593
29723
59174
2313
62047
3629
26394
45985
31605
18988
7816
62694
54415
32880
62615
24986
28334
6093
63797
9630
63405
6533
1472
8207
14607
27487
1038
41169
45894
39550
16621
1629
54748
33056
24258
8536
61060
11451
60254
35181
54808
35989
54233
20729
14124
23055
57360
46314
16088
52861
38974
18620
6471
32322
61296
36146
51493
45243
24704
2143
30583
55273
54812
38945
4256
9436
23586
27307
61457
22001
48970
29705
3617
44324
37276
22934
61325
56930
38276
13681
54260
52048
2039
43642
60640
4627
15046
64890
57725
2929
9501
6092
28875
32886
7992
56322
35920
33933
43588
17180
62784
54700
37906
39386
60711
29680
49682
34641
24150
52350
42590
30902
30498
35673
42596
43098
51840
38134
17317
20379
57416
42343
32204
6860
48113
61355
59583
44032
19013
55030
13115
45870
10598
29964
8535
51431
43710
16214
13413
2540
55501
24362
44239
16013
19143
35968
13777
50721
33383
46034
13214
18070
54623
58295
21935
20160
40814
56323
5721
20925
54503
49728
14548
5833
29542
36101
1516
30066
45059
29981
1927
54932
54149
26281
49874
59639
11874
63980
33270
35158
27638
53640
38709
25301
20044
30302
48772
62318
50900
30523
56914
43214
48127
63208
34361
52016
9503
9699
12692
3478
35893
53409
44567
23320
19990
3970
41515
59641
62302
54637
15895
39350
54695
7413
48158
20552
37732
34021
45316
16574
65260
31640
60966
30238
41485
34731
6801
25085
19425
41945
22471
8666
39490
3584
35652
22053
65483
54860
60778
41077
25313
7651
39972
42678
22013
29698
22659
27001
54740
30730
42569
49521
62193
42549
63485
29759
23188
32364
52385
55578
8672
32905
60275
58067
55130
29251
43178
21631
50521
10361
8688
14601
38049
29360
7395
37366
32120
37805
64327
53162
52916
57449
35373
37595
27323
7755
10542
38093
39280
11807
26482
22462
8353
37261
9148
29625
27267
45188
1338
21308
53129
12828
45804
61410
5814
46103
6407
24256
27010
5391
50498
38895
20250
64039
34478
2466
35317
18813
2497
63169
45864
49590
49136
61539
13426
23554
35266
37375
23848
44063
64791
1789
4852
22711
52576
22172
26217
8367
33628
26238
47206
46955
60298
36165
16684
19870
10318
15217
36942
36125
17651
4558
60990
34823
17291
59330
37081
62738
36704
4597
1196
38869
19067
18471
30892
58116
17698
2328
14857
28618
25570
21047
24129
30518
33457
1968
39472
60676
23416
60855
39594
31869
55988
38586
58755
31927
32734
206
42500
61312
44783
45146
40192
61947
8089
9249
20467
19901
10975
22617
7101
26844
35826
22791
56050
61985
4872
22611
48547
53014
49885
26975
58710
62516
14894
33979
31591
36391
9033
19884
46912
54828
37896
47354
37933
56739
55677
5001
33003
52583
35612
27227
54612
30699
866
17307
20749
38945
30175
19081
53571
50883
59102
45962
3894
41578
50499
62411
56907
8282
63132
1453
37478
45989
52550
582
1774
22722
52207
54641
75
32030
54842
20207
11543
48883
44705
46249
64976
10621
31692
14849
33321
38869
48612
43850
56829
31775
15632
5129
7640
19682
20403
57419
59474
9900
34568
48624
60988
53088
42582
28569
1036
47710
29043
35223
29598
9301
44511
13929
37390
469
56297
15830
47829
43163
3530
35931
858
40827
38769
57869
53576
24518
32024
29983
50768
33731
53042
40581
32229
35774
61849
54183
31008
11722
61667
36953
25247
56892
62765
36117
60457
45102
60436
59564
51781
53395
9788
22237
25388
8978
48511
4165
20160
4467
43690
8413
45200
33715
57840
53763
13338
33667
9984
43365
14880
251
31364
49059
52417
64267
40348
52828
45823
23546
41528
7621
31746
50197
29720
39950
23221
21042
45846
42321
62368
64926
48952
61262
56730
65305
65402
20859
6658
481
57368
48628
34561
49477
53812
17178
40559
26312
28517
48606
20956
30499
24201
31522
41270
40186
28114
12293
35016
54827
42838
53080
64976
55090
45866
2635
4798
14063
19153
1441
46413
44741
40853
38927
15813
28550
36531
29566
44967
60800
9477
61098
54638
15637
65223
55445
35517
76
22742
16492
38656
19608
28195
27749
30234
55613
57373
11701
41348
10775
12677
16494
10951
29437
45875
45373
21546
15595
63402
10621
59087
47799
59234
10674
10680
32456
47747
23523
62517
24808
26598
20536
33776
51884
58024
51137
43893
62675
51593
41071
1572
30690
56439
2999
4582
47460
44693
54287
4707
29886
3241
34193
11400
54734
33519
39242
14592
15307
18525
41431
57363
57136
45700
39013
61012
52603
45788
3149
48990
15357
56930
12889
42736
20380
10649
52421
31073
36105
65327
8027
36546
4910
13611
44248
45178
7025
54729
14749
27589
34891
52296
31840
58546
17839
34122
